APPH002,2.33,1.62,1.56,2.78,1.78,2.42,
APPH003,6.33,1.62,1.56,2.78,1.78,2.42,
APPH004,2.33,1.62,1.56,2.78,1.78,2.42,
APPH005,2.33,1.62,1.56,2.78,1.78,2.42,
APPH006,1.33,1.62,1.56,2.78,1.78,2.42,
APPH007,7.33,1.62,1.56,2.78,1.78,2.42,
APPH008,8.33,1.62,1.56,2.78,1.78,2.42,
APPH009,3.33,1.62,1.56,2.78,1.78,2.42,
APPH011,9.33,1.62,1.56,2.78,1.78,2.42,
APPH012,2.33,1.62,1.56,2.78,1.78,2.42,
APPH013,7.33,1.62,1.56,2.78,1.78,2.42,
APPH014,8.33,1.62,1.56,2.78,1.78,2.42,
APPH015,3.33,1.62,1.56,2.78,1.78,2.42,
APPH016,2.33,1.62,1.56,2.78,1.78,2.42,
APPH017,7.33,1.62,1.56,2.78,1.78,2.42,
